N          ,s.y=a*x    ,s.y=x      ,s.y=ax+bz  ,s.y+=ax+bz ,s.y[i]=a   ,s.swap     ,s.fabs(x)  ,s.dot      ,s.L1       ,s.L2       ,s.Linf     ,s.index_L  ,s.max      ,s.min      ,s.sum      ,s.pla_rot  ,s.in_scan  ,s.ex_scan  ,d.y=a*x    ,d.y=x      ,d.y=ax+bz  ,d.y+=ax+bz ,d.y[i]=a   ,d.swap     ,d.fabs(x)  ,d.dot      ,d.L1       ,d.L2       ,d.Linf     ,d.index_L  ,d.max      ,d.min      ,d.sum      ,d.pla_rot  ,d.in_scan  ,d.ex_scan  ,
100         inf         inf         inf         inf         inf         inf         inf         inf         inf         inf         inf         inf         inf         inf         inf         inf         inf         inf         inf         inf         inf         inf         inf         inf         inf         inf         inf         inf         inf         inf         inf         inf         inf         inf         inf         inf         
130         inf         inf         inf         inf         inf         inf         inf         inf         inf         inf         inf         inf         inf         inf         inf         inf         inf         inf         inf         inf         inf         inf         inf         inf         inf         inf         inf         inf         inf         inf         inf         inf         inf         inf         inf         inf         
169         inf         inf         inf         inf         inf         inf         inf         inf         inf         inf         inf         inf         inf         inf         inf         inf         inf         inf         inf         inf         inf         inf         inf         inf         inf         inf         inf         inf         inf         inf         inf         inf         inf         inf         inf         inf         
219         inf         inf         inf         inf         inf         inf         inf         1.75        inf         inf         inf         inf         inf         inf         inf         inf         inf         inf         inf         inf         inf         inf         inf         inf         inf         3.5         inf         inf         inf         inf         inf         inf         inf         inf         inf         inf         
284         inf         inf         inf         inf         inf         inf         inf         2.27        inf         inf         inf         inf         inf         inf         inf         inf         inf         inf         inf         inf         inf         inf         inf         inf         inf         4.54        inf         inf         inf         inf         inf         inf         inf         inf         inf         inf         
369         inf         inf         inf         inf         inf         inf         inf         2.95        inf         inf         inf         inf         inf         inf         inf         inf         inf         inf         inf         inf         inf         inf         inf         inf         inf         5.9         inf         inf         inf         inf         inf         inf         inf         inf         inf         inf         
479         inf         inf         inf         inf         inf         inf         inf         3.83        inf         inf         inf         1.92        inf         inf         inf         7.66        inf         inf         inf         inf         inf         inf         inf         inf         inf         7.66        inf         inf         inf         3.83        inf         inf         inf         15.3        inf         inf         
622         inf         inf         7.46        9.95        inf         inf         inf         2.49        2.49        2.49        inf         2.49        inf         2.49        inf         9.95        4.98        4.98        inf         inf         14.9        inf         inf         inf         inf         4.98        4.98        4.98        inf         4.98        4.98        4.98        inf         19.9        9.95        inf         
808         inf         inf         9.7         12.9        inf         inf         inf         3.23        3.23        3.23        3.23        3.23        3.23        3.23        3.23        12.9        6.46        6.46        inf         inf         19.4        25.9        inf         inf         inf         6.46        6.46        6.46        6.46        6.46        6.46        6.46        6.46        25.9        12.9        12.9        
1.05e+03    8.4         8.4         12.6        16.8        inf         16.8        inf         2.8         4.2         4.2         4.2         4.2         4.2         4.2         4.2         16.8        8.4         8.4         16.8        16.8        25.2        33.6        inf         33.6        16.8        5.6         8.4         8.4         8.4         8.4         8.4         8.4         8.4         33.6        16.8        16.8        
1.36e+03    10.9        10.9        16.4        21.8        inf         21.8        10.9        2.73        5.46        5.46        5.46        2.73        5.46        5.46        5.46        10.9        10.9        10.9        21.8        21.8        32.8        43.7        inf         43.7        21.8        5.46        10.9        10.9        10.9        5.46        10.9        10.9        10.9        21.8        21.8        21.8        
1.77e+03    14.2        14.2        10.6        14.2        7.1         28.4        14.2        2.84        3.55        3.55        3.55        3.55        3.55        3.55        3.55        14.2        7.1         7.1         28.4        28.4        21.3        28.4        inf         56.8        28.4        5.68        7.1         7.1         7.1         7.1         7.1         7.1         7.1         28.4        14.2        14.2        
2.31e+03    18.4        18.4        13.8        18.4        9.22        36.9        18.4        2.64        4.61        4.61        4.61        3.07        4.61        4.61        4.61        12.3        9.22        9.22        36.9        36.9        27.7        36.9        18.4        36.9        36.9        5.27        9.22        9.22        9.22        6.15        9.22        9.22        9.22        24.6        18.4        18.4        
3e+03       12          12          12          16          12          24          12          2.66        4           4           4           3           4           4           4           12          7.99        7.99        24          24          24          24          24          32          24          5.33        7.99        7.99        7.99        5.99        7.99        7.99        7.99        24          16          16          
3.9e+03     10.4        15.6        11.7        15.6        7.79        20.8        15.6        2.6         3.9         3.9         3.9         3.12        3.9         3.9         3.9         12.5        7.79        7.79        31.2        31.2        23.4        31.2        31.2        41.6        31.2        5.19        7.79        7.79        7.79        6.23        7.79        7.79        7.79        24.9        15.6        15.6        
5.06e+03    13.5        13.5        12.2        16.2        10.1        20.3        13.5        2.53        4.05        4.05        4.05        2.89        4.05        4.05        4.05        11.6        8.1         8.1         27          27          24.3        27          20.3        32.4        27          5.06        8.1         8.1         8.1         5.79        8.1         8.1         8.1         23.1        16.2        16.2        
6.58e+03    13.2        13.2        11.3        15          13.2        21.1        13.2        2.63        3.76        3.76        3.76        2.63        3.76        3.76        3.76        11.7        7.52        7.52        26.3        26.3        22.6        26.3        26.3        35.1        26.3        5.27        7.52        7.52        7.52        5.85        7.52        7.52        7.52        21.1        15          15          
8.56e+03    11.4        11.4        11.4        15.2        11.4        19.6        13.7        2.63        3.8         3.8         3.8         2.85        3.8         3.8         3.8         11.4        7.61        7.61        27.4        27.4        22.8        30.4        22.8        39.1        27.4        5.27        7.61        7.61        7.61        5.7         7.61        7.61        7.61        22.8        15.2        15.2        
1.11e+04    9.89        12.7        12.1        16.2        11.1        22.2        12.7        2.54        4.05        4.05        4.05        2.97        4.05        4.05        4.05        11.1        8.09        8.09        16.2        25.4        24.3        32.4        22.2        35.6        25.4        5.09        8.09        8.09        8.09        5.93        7.42        7.42        7.42        22.2        16.2        16.2        
1.45e+04    12.9        12.9        11.6        15.4        11.6        21          12.9        2.57        3.86        3.86        3.86        2.89        3.86        3.86        3.86        11          7.71        7.71        25.7        25.7        23.1        30.9        19.3        38.6        25.7        5.14        7.71        7.71        7.71        5.78        7.71        7.71        7.71        22          15.4        15.4        
1.88e+04    13.7        12.5        11.9        15.8        10.7        21.5        13.7        2.59        3.96        3.96        3.96        2.89        3.96        3.96        3.96        11.1        7.92        7.92        25.1        25.1        23.7        30.1        21.5        37.6        25.1        5.19        7.92        7.92        7.92        5.78        7.92        7.92        7.92        22.3        15.8        15.8        
2.44e+04    13          11.5        11.7        15.6        10.9        20.6        13          2.57        3.91        3.91        3.91        2.88        3.91        3.91        3.91        11.2        7.82        7.82        24.4        24.4        22.6        30.1        19.6        32.6        23          5.08        7.52        7.52        7.52        5.75        7.82        7.82        7.82        22.3        15.6        15          
3.18e+04    12.1        12.1        11.2        15.4        10.6        21.2        13.4        2.57        3.85        3.85        3.85        2.89        3.85        3.85        3.85        11.3        7.7         7.7         24.2        24.2        23.1        29.9        19.6        35.1        24.2        5.13        7.7         7.7         7.7         5.78        7.7         7.7         7.7         22.6        15.4        15.4        
4.13e+04    13.2        13.2        11.5        15          11          18.9        13.2        2.58        3.84        3.84        3.84        2.9         3.84        3.84        3.84        10.8        7.68        7.68        23.6        23.6        22.5        27.5        18.4        29.4        22          5.12        7.68        7.68        7.68        5.8         7.68        7.68        7.68        21.7        15.4        15.4        
5.37e+04    13          13          11.5        14.8        10.7        19.1        13.4        2.57        3.83        3.83        3.64        2.86        3.83        3.83        3.83        11          7.67        7.67        22          22          22.6        28.2        18.7        31.2        23.9        5.11        7.54        7.54        7.67        5.8         7.67        7.67        7.67        21.7        15.3        15.3        
6.98e+04    13.3        11.6        11.5        14.9        10.3        18.9        13.3        2.57        3.88        3.88        3.88        2.91        3.88        3.88        3.88        10.9        7.65        7.55        23.3        23.3        22          15          10.7        22.8        19.9        5.03        7.44        7.55        7.75        5.82        7.75        7.44        7.44        21.5        15.5        15.5        
9.07e+04    13.2        11.7        11.5        14.8        10.1        17.9        13          2.56        3.86        3.86        3.82        2.86        3.86        3.86        3.82        11          7.72        7.72        23.4        23.4        22.2        27.4        18.6        31.6        23.8        5.13        7.48        7.72        7.72        5.76        7.72        7.26        7.26        20.6        15.3        15.3        
1.18e+05    13.1        12.8        11.4        14.4        9.83        18.9        13.3        2.54        3.87        3.84        3.8         2.89        3.8         3.74        3.87        10.4        7.73        7.73        23.6        23.6        22.3        27.6        18.5        31.7        23.9        5.13        7.73        7.73        7.73        5.79        7.73        7.73        7.73        20          13.6        14.6        
1.53e+05    5.9         7.67        5.8         7.74        6.01        11.6        7.39        2.4         3.39        3.57        2.93        2.89        3.86        3.86        3.86        11          7.72        7.72        23.4        23.4        20.6        25.2        18.3        31.1        19.2        4.88        7.01        7.72        7.62        5.73        7.67        7.67        7.67        21.6        15.2        15.4        
1.99e+05    13.2        13.2        11.4        14.8        9.97        18.9        13.2        2.57        3.85        3.85        3.85        2.86        3.83        3.66        3.85        10.5        7.52        7.18        11.1        10.5        9.66        20.4        18.1        28.6        22.1        5.05        7.7         7.7         7.7         5.74        7.7         7.7         7.7         20.3        14.9        14.5        
2.59e+05    13.1        13.1        11          14.1        9.97        18.8        13.2        2.57        3.84        3.85        3.85        2.9         3.85        3.84        3.76        10.9        7.71        7.71        17.9        18.1        9.9         13.3        18.5        25.8        17.9        4.97        7.68        7.68        7.68        5.77        7.68        7.71        7.68        19.7        14.2        14.1        
3.37e+05    13.1        13          10.5        12.7        9.98        11.4        13.1        2.56        3.86        3.86        3.86        2.89        3.86        3.86        3.86        11          7.7         7.7         15.7        15.8        8.8         11.5        18.5        23.6        16          4.88        7.55        7.59        7.49        5.69        7.57        7.55        7.53        18.8        13          13.2        
4.38e+05    12.8        12.6        9.93        9.69        9.9         16.1        12.5        2.56        3.86        3.86        3.86        2.89        3.86        3.86        3.85        10.7        7.6         7.55        8.82        8.89        8.19        10.7        17.4        13.3        8.91        4.87        7.5         7.63        7.58        5.72        7.62        7.62        7.63        12.9        8.75        8.64        
5.69e+05    12.1        12.1        9.75        10.1        9.99        16.5        12.2        2.53        3.85        3.85        3.86        2.89        3.85        3.86        3.85        10.2        7.31        7.3         7.14        7.49        8.02        10.7        15          11          7.49        4.86        7.14        7.18        7.13        5.42        7.22        7.2         7.07        11.1        7.49        7.56        
7.4e+05     11.2        10.8        8.27        11.1        9.87        16          11.3        2.53        3.82        3.83        3.85        2.88        3.85        3.84        3.86        10.2        7.16        7.11        7.21        7.19        7.9         10.3        9.93        10.6        7.21        4.85        7.09        7.09        7.07        5.33        7.08        7.07        7.1         10.6        7.16        7.17        
9.62e+05    8.28        8.26        8.11        10.6        8.77        13.5        8.14        2.52        3.78        3.79        3.78        2.84        3.79        3.79        3.77        9.99        7.13        7.11        7           7           7.92        10.5        6.54        10.2        7.01        4.84        7.06        7.06        7.06        5.32        7.06        7.07        7.07        10.5        7.14        7.13        
1.25e+06    7.28        7.36        7.87        10.3        9.27        11.2        7.39        2.51        3.62        3.63        3.62        2.7         3.63        3.64        3.63        9.77        6.9         6.86        7.07        7.07        7.92        10.4        5.62        10.3        7.08        4.82        7.07        7.06        7.06        5.31        7.07        7.06        7.07        10.4        7.07        7.06        
1.63e+06    6.96        6.98        7.81        10.2        8.18        10.5        6.94        2.51        3.6         3.6         3.6         2.72        3.6         3.6         3.61        9.66        6.76        6.72        7.05        7.04        7.87        10.4        5.38        10.3        7.05        4.83        7.08        7.06        7.08        5.32        7.05        7.09        7.07        10.3        7.03        6.94        
2.11e+06    6.66        7.06        7.71        10.2        6.03        10.3        6.9         2.51        3.59        3.56        3.59        2.7         3.56        3.58        3.6         9.51        6.73        6.69        